000000000000000000000000000000000000000000000000000000000000000000000000000000000000000000000000000000000000000000000000000000000000000
000000000000000000000000000000000000000000000000000000000000000000000000000000000000000000000000000000000000000000000000000000000000000
000000000000000000000000000000000000000000000000000000000000000000000000000000000000000000000000000000000000000000000000000000000000000
000001100000000000111100000000001111000000000111110000011111111111000000111110000000001111000000000111110000000001111000000001111000000
000001111110000011111111000000111111100000001111111000011111111111000001111111000000111111100000001111111000000111111100000011111110000
000001110000000011000011100001110000110000011000001100001100000000000011000001100001110000110000011000001100001110000110000000000111000
000001100000000110000001100001100000011000111000001100000100000000000111000001100001100000010000011000001100001100000011000000000011000
000001100000000110000001100001100000011000110000000110000110000000000110000000110001100000011000010000000100001100000011000000000001100
000001100000000110000000000011000000011000110000000000000011000000000110000000000001100000011000011000000000001100000011000000000001100
000001100000000110000000000001100000011000011000000000000001000000000011000000000001100000011000011000000000011000000011000001111001100
000001100000000011000000000001000000011000011000000000000001100000000011000000000011000000011000001111100000011000000011000011111111100
000001100000000001100000000011000000011000001100000000000001100000000001100000000011000000011000000111100000001000000011000110000001100
000001100000000001110000000011100000011000000110000000000000110000000000110000000001000000011000011000000000011000000011000110000001100
000001100000000000111000000011000000011000000011000000000000110000000000011000000001000000011000010000000000011100000011000110000001100
000001100000000000011100000001100000011000000001100000000000110000000000001100000001100000011000110000000000001000000011000110000001100
000001100000000000001100000001100000011000000000110000000000010000000000000110000001100000011000110000000110001100000011000110000001100
000001100000000000000110000001100000011000000000111000000000011000000000000111000001100000010000110000000110001100000011000110000001100
000001100000000000000011000001110000110000000000011100000000011000000000000011100001110000110000011000001100001110000110000111000011000
000001100000001111111111100000111111100000111111111100000000011000000111111111100000111111100000001111111000000111111100000011111110000
000001100000001111111111100000001111000000111111111100000000011000000111111111100000001111000000000111110000000001111000000000111100000
000000000000000000000000000000000000000000000000000000000000000000000000000000000000000000000000000000000000000000000000000000000000000
000000000000000000000000000000000000000000000000000000000000000000000000000000000000000000000000000000000000000000000000000000000000000
000000000000000000000000000000000000000000000000000000000000000000000000000000000000000000000000000000000000000000000000000000000000000
000000000000000000000000000000000000000000000000000000000000000000000000000000000000000000000000000000000000000000000000000000000000000
000000000000000000000000000000000000000000000000000000000000000000000000000000000000000000000000000000000000000000000000000000000000000
000000000000000000000000000000000000000000000000000000000000000000000000000000000000000000000000000000000000000000000000000000000000000
000000000000000000000000000000000000000000000000000000000000000000000000000000000000000000000000000000000000000000000000000000000000000
000001100000000000111100000000001111000000000111110000011111111111000000111110000000001111000000000111110000000001111000000001111000000
000001111110000011111111000000111111100000001111111000011111111111000001111111000000111111100000001111111000000111111100000011111110000
000001110000000011000011100001110000110000011000001100001100000000000011000001100001110000110000011000001100001110000110000000000111000
000001100000000110000001100001100000011000111000001100000100000000000111000001100001100000010000011000001100001100000011000000000011000
000001100000000110000001100001100000011000110000000110000110000000000110000000110001100000011000010000000100001100000011000000000001100
000001100000000110000000000011000000011000110000000000000011000000000110000000000001100000011000011000000000001100000011000000000001100
000001100000000110000000000001100000011000011000000000000001000000000011000000000001100000011000011000000000011000000011000001111001100
000001100000000011000000000001000000011000011000000000000001100000000011000000000011000000011000001111100000011000000011000011111111100
000001100000000001100000000011000000011000001100000000000001100000000001100000000011000000011000000111100000001000000011000110000001100
000001100000000001110000000011100000011000000110000000000000110000000000110000000001000000011000011000000000011000000011000110000001100
000001100000000000111000000011000000011000000011000000000000110000000000011000000001000000011000010000000000011100000011000110000001100
000001100000000000011100000001100000011000000001100000000000110000000000001100000001100000011000110000000000001000000011000110000001100
000001100000000000001100000001100000011000000000110000000000010000000000000110000001100000011000110000000110001100000011000110000001100
000001100000000000000110000001100000011000000000111000000000011000000000000111000001100000010000110000000110001100000011000110000001100
000001100000000000000011000001110000110000000000011100000000011000000000000011100001110000110000011000001100001110000110000111000011000
000001100000001111111111100000111111100000111111111100000000011000000111111111100000111111100000001111111000000111111100000011111110000
000001100000001111111111100000001111000000111111111100000000011000000111111111100000001111000000000111110000000001111000000000111100000
000000000000000000000000000000000000000000000000000000000000000000000000000000000000000000000000000000000000000000000000000000000000000
000000000000000000000000000000000000000000000000000000000000000000000000000000000000000000000000000000000000000000000000000000000000000
000000000000000000000000000000000000000000000000000000000000000000000000000000000000000000000000000000000000000000000000000000000000000
000000000000000000000000000000000000000000000000000000000000000000000000000000000000000000000000000000000000000000000000000000000000000
000000000000000000000000000000000000000000000000000000000000000000000000000000000000000000000000000000000000000000000000000000000000000
000000000000000000000000000000000000000000000000000000000000000000000000000000000000000000000000000000000000000000000000000000000000000
000000000000000000000000000000000000000000000000000000000000000000000000000000000000000000000000000000000000000000000000000000000000000
000001100000000000111100000000001111000000000111110000011111111111000000111110000000001111000000000111110000000001111000000001111000000
000001111110000011111111000000111111100000001111111000011111111111000001111111000000111111100000001111111000000111111100000011111110000
000001110000000011000011100001110000110000011000001100001100000000000011000001100001110000110000011000001100001110000110000000000111000
000001100000000110000001100001100000011000111000001100000100000000000111000001100001100000010000011000001100001100000011000000000011000
000001100000000110000001100001100000011000110000000110000110000000000110000000110001100000011000010000000100001100000011000000000001100
000001100000000110000000000011000000011000110000000000000011000000000110000000000001100000011000011000000000001100000011000000000001100
000001100000000110000000000001100000011000011000000000000001000000000011000000000001100000011000011000000000011000000011000001111001100
000001100000000011000000000001000000011000011000000000000001100000000011000000000011000000011000001111100000011000000011000011111111100
000001100000000001100000000011000000011000001100000000000001100000000001100000000011000000011000000111100000001000000011000110000001100
000001100000000001110000000011100000011000000110000000000000110000000000110000000001000000011000011000000000011000000011000110000001100
000001100000000000111000000011000000011000000011000000000000110000000000011000000001000000011000010000000000011100000011000110000001100
000001100000000000011100000001100000011000000001100000000000110000000000001100000001100000011000110000000000001000000011000110000001100
000001100000000000001100000001100000011000000000110000000000010000000000000110000001100000011000110000000110001100000011000110000001100
000001100000000000000110000001100000011000000000111000000000011000000000000111000001100000010000110000000110001100000011000110000001100
000001100000000000000011000001110000110000000000011100000000011000000000000011100001110000110000011000001100001110000110000111000011000
000001100000001111111111100000111111100000111111111100000000011000000111111111100000111111100000001111111000000111111100000011111110000
000001100000001111111111100000001111000000111111111100000000011000000111111111100000001111000000000111110000000001111000000000111100000
000000000000000000000000000000000000000000000000000000000000000000000000000000000000000000000000000000000000000000000000000000000000000
000000000000000000000000000000000000000000000000000000000000000000000000000000000000000000000000000000000000000000000000000000000000000
000000000000000000000000000000000000000000000000000000000000000000000000000000000000000000000000000000000000000000000000000000000000000
000000000000000000000000000000000000000000000000000000000000000000000000000000000000000000000000000000000000000000000000000000000000000
000000000000000000000000000000000000000000000000000000000000000000000000000000000000000000000000000000000000000000000000000000000000000
000000000000000000000000000000000000000000000000000000000000000000000000000000000000000000000000000000000000000000000000000000000000000
000000000000000000000000000000000000000000000000000000000000000000000000000000000000000000000000000000000000000000000000000000000000000
000001100000000000111100000000001111000000000111110000011111111111000000111110000000001111000000000111110000000001111000000001111000000
000001111110000011111111000000111111100000001111111000011111111111000001111111000000111111100000001111111000000111111100000011111110000
000001110000000011000011100001110000110000011000001100001100000000000011000001100001110000110000011000001100001110000110000000000111000
000001100000000110000001100001100000011000111000001100000100000000000111000001100001100000010000011000001100001100000011000000000011000
000001100000000110000001100001100000011000110000000110000110000000000110000000110001100000011000010000000100001100000011000000000001100
000001100000000110000000000011000000011000110000000000000011000000000110000000000001100000011000011000000000001100000011000000000001100
000001100000000110000000000001100000011000011000000000000001000000000011000000000001100000011000011000000000011000000011000001111001100
000001100000000011000000000001000000011000011000000000000001100000000011000000000011000000011000001111100000011000000011000011111111100
000001100000000001100000000011000000011000001100000000000001100000000001100000000011000000011000000111100000001000000011000110000001100
000001100000000001110000000011100000011000000110000000000000110000000000110000000001000000011000011000000000011000000011000110000001100
000001100000000000111000000011000000011000000011000000000000110000000000011000000001000000011000010000000000011100000011000110000001100
000001100000000000011100000001100000011000000001100000000000110000000000001100000001100000011000110000000000001000000011000110000001100
000001100000000000001100000001100000011000000000110000000000010000000000000110000001100000011000110000000110001100000011000110000001100
000001100000000000000110000001100000011000000000111000000000011000000000000111000001100000010000110000000110001100000011000110000001100
000001100000000000000011000001110000110000000000011100000000011000000000000011100001110000110000011000001100001110000110000111000011000
000001100000001111111111100000111111100000111111111100000000011000000111111111100000111111100000001111111000000111111100000011111110000
000001100000001111111111100000001111000000111111111100000000011000000111111111100000001111000000000111110000000001111000000000111100000
000000000000000000000000000000000000000000000000000000000000000000000000000000000000000000000000000000000000000000000000000000000000000
000000000000000000000000000000000000000000000000000000000000000000000000000000000000000000000000000000000000000000000000000000000000000
000000000000000000000000000000000000000000000000000000000000000000000000000000000000000000000000000000000000000000000000000000000000000
000000000000000000000000000000000000000000000000000000000000000000000000000000000000000000000000000000000000000000000000000000000000000
000000000000000000000000000000000000000000000000000000000000000000000000000000000000000000000000000000000000000000000000000000000000000
000000000000000000000000000000000000000000000000000000000000000000000000000000000000000000000000000000000000000000000000000000000000000
000000000000000000000000000000000000000000000000000000000000000000000000000000000000000000000000000000000000000000000000000000000000000
000001100000000000111100000000001111000000000111110000011111111111000000111110000000001111000000000111110000000001111000000001111000000
000001111110000011111111000000111111100000001111111000011111111111000001111111000000111111100000001111111000000111111100000011111110000
000001110000000011000011100001110000110000011000001100001100000000000011000001100001110000110000011000001100001110000110000000000111000
000001100000000110000001100001100000011000111000001100000100000000000111000001100001100000010000011000001100001100000011000000000011000
000001100000000110000001100001100000011000110000000110000110000000000110000000110001100000011000010000000100001100000011000000000001100
000001100000000110000000000011000000011000110000000000000011000000000110000000000001100000011000011000000000001100000011000000000001100
000001100000000110000000000001100000011000011000000000000001000000000011000000000001100000011000011000000000011000000011000001111001100
000001100000000011000000000001000000011000011000000000000001100000000011000000000011000000011000001111100000011000000011000011111111100
000001100000000001100000000011000000011000001100000000000001100000000001100000000011000000011000000111100000001000000011000110000001100
000001100000000001110000000011100000011000000110000000000000110000000000110000000001000000011000011000000000011000000011000110000001100
000001100000000000111000000011000000011000000011000000000000110000000000011000000001000000011000010000000000011100000011000110000001100
000001100000000000011100000001100000011000000001100000000000110000000000001100000001100000011000110000000000001000000011000110000001100
000001100000000000001100000001100000011000000000110000000000010000000000000110000001100000011000110000000110001100000011000110000001100
000001100000000000000110000001100000011000000000111000000000011000000000000111000001100000010000110000000110001100000011000110000001100
000001100000000000000011000001110000110000000000011100000000011000000000000011100001110000110000011000001100001110000110000111000011000
000001100000001111111111100000111111100000111111111100000000011000000111111111100000111111100000001111111000000111111100000011111110000
000001100000001111111111100000001111000000111111111100000000011000000111111111100000001111000000000111110000000001111000000000111100000
000000000000000000000000000000000000000000000000000000000000000000000000000000000000000000000000000000000000000000000000000000000000000
000000000000000000000000000000000000000000000000000000000000000000000000000000000000000000000000000000000000000000000000000000000000000
000000000000000000000000000000000000000000000000000000000000000000000000000000000000000000000000000000000000000000000000000000000000000
000000000000000000000000000000000000000000000000000000000000000000000000000000000000000000000000000000000000000000000000000000000000000
