00000000000000000000000000000000000000000000000000000000000000000000000000000000000000000000000000000000000000000000000000000000000000000000000000000000000000000000000000000000000000000000000000000000000000000000000000000000000000000000000000000
00000000000000000000000000000000000000000000000000000000000000000000000000000000000000000000000000000000000000000000000000000000000000000000000000000000000000000000000000000000000000000000000000000000000000000000000000000000000000000000000000000
00000000000000000000000000000000000000000000000000000000000000000000000000000000000000000000000000000000000000000000000000000000000000000000000000000000000000000000000000000000000000000000000000000000000000000000000000000000000000000000000000000
00000000000000000000000000000000000000000000000000000000000000000000000000000000000000000000000000000000000000000000000000000000000000000000000000000000000000000000000000000000000000000000000000000000000000000000000000000000000000000000000000000
00000000000000000000000000000000000000000000000000000000000000000000000000000000000000000000000000000000000000000000000000000000000000000000000000000000000000000000000000000000000000000000000000000000000000000000000000000000000000000000000000000
00011110000000000000000111100000001111000000000000000111100000000111111111111100000000000000001111111111111111111100000011111111111111100000000001111111111111111111111110000000000011110000000000000000111100000000000000000000111111111111111111110
00011110000000000000000111000000001111100000000000000111100000000111111111111111100000000000001111111111111111111110000011111111111111111000000001111111111111111111111110000000000011110000000000000000111100000000000000000000111111111111111111110
00011110000000000000000111100000001111100000000000000111100000000111111111111111111000000000001111111111111111111100000011111111111111111110000001111111111111111111111110000000000111110000000000000000111100000000000000000000111111111111111111110
00011110000000000000000111000000001111110000000000000111100000000111110000000111111100000000001111100000000000000000000011110000000000111111000000000000000111100000000000000000000111111000000000000000111100000000000000000000111100000000000000000
00011110000000000000000111000000001111110000000000000111100000000111100000000000111110000000001111000000000000000000000011110000000000001111000000000000000111100000000000000000001111111000000000000000111100000000000000000000111100000000000000000
00011110000000000000000111000000001111111000000000000111100000000111100000000000011111000000001111000000000000000000000011110000000000000111100000000000000111100000000000000000001111111000000000000000111100000000000000000000111100000000000000000
00011110000000000000000111000000001111111100000000000111100000000111100000000000001111000000001111000000000000000000000011110000000000000111100000000000000111100000000000000000001110111100000000000000111100000000000000000000111100000000000000000
00011110000000000000000111000000001111111100000000000111100000000111100000000000000111100000001111000000000000000000000011110000000000000111100000000000000111100000000000000000011110011100000000000000111100000000000000000000111100000000000000000
00011110000000000000000111000000001111011110000000000111100000000111100000000000000111100000001111000000000000000000000011110000000000000011100000000000000111100000000000000000011110011110000000000000111100000000000000000000111100000000000000000
00011110000000000000000111000000001111001110000000000111100000000111100000000000000011110000001111000000000000000000000011110000000000000011100000000000000111100000000000000000011100011110000000000000111100000000000000000000111100000000000000000
00011110000000000000000111000000001111001111000000000111100000000111100000000000000011110000001111000000000000000000000011110000000000000111100000000000000111100000000000000000111100001110000000000000111100000000000000000000111100000000000000000
00011110000000000000000111000000001111000111100000000111100000000111100000000000000011110000001111000000000000000000000011110000000000000111100000000000000111100000000000000000111000001111000000000000111100000000000000000000111100000000000000000
00011110000000000000000111000000001111000011100000000111100000000111100000000000000011110000001111000000000000000000000011110000000000000111100000000000000111100000000000000001111000001111000000000000111100000000000000000000111100000000000000000
00011110000000000000000111000000001111000011110000000111100000000111100000000000000011110000001111000000000000000000000011110000000000001111000000000000000111100000000000000001111000000111100000000000111100000000000000000000111100000000000000000
00011110000000000000000111000000001111000001111000000111100000000111100000000000000011110000001111111111111111111000000011110000000001111110000000000000000111100000000000000001110000000111100000000000111100000000000000000000111111111111111111000
00011110000000000000000111000000001111000001111000000111100000000111100000000000000011110000001111111111111111111000000011111111111111111100000000000000000111100000000000000011110000000011100000000000111100000000000000000000111111111111111111000
00011110000000000000000111000000001111000000111100000111100000000111100000000000000011110000001111111111111111111000000011111111111111111000000000000000000111100000000000000011110000000011110000000000111100000000000000000000111111111111111111000
00011110000000000000000111000000001111000000011100000111100000000111100000000000000011110000001111100000000000000000000011111111111111111110000000000000000111100000000000000011100000000011110000000000111100000000000000000000111100000000000000000
00011110000000000000000111000000001111000000011110000111100000000111100000000000000011110000001111000000000000000000000011110000000000011111000000000000000111100000000000000111100000000001110000000000111100000000000000000000111100000000000000000
00011110000000000000000111100000001111000000001111000111100000000111100000000000000011110000001111000000000000000000000011110000000000001111000000000000000111100000000000000111100000000001111000000000111100000000000000000000111100000000000000000
00011110000000000000000111000000001111000000001111000111100000000111100000000000000011110000001111000000000000000000000011110000000000000111100000000000000111100000000000001111100000000001111000000000111100000000000000000000111100000000000000000
00011110000000000000000111000000001111000000000111100111100000000111100000000000000011110000001111000000000000000000000011110000000000000111100000000000000111100000000000001111111111111111111000000000111100000000000000000000111100000000000000000
00011110000000000000000111000000001111000000000011100111100000000111100000000000000011110000001111000000000000000000000011110000000000000111100000000000000111100000000000001111111111111111111100000000111100000000000000000000111100000000000000000
00001110000000000000001111000000001111000000000011110111100000000111100000000000000111100000001111000000000000000000000011110000000000000111100000000000000111100000000000011111111111111111111100000000111100000000000000000000111100000000000000000
00001111000000000000001111000000001111000000000001111111100000000111100000000000000111100000001111000000000000000000000011110000000000000011100000000000000111100000000000011110000000000000011110000000111100000000000000000000111100000000000000000
00001111000000000000001111000000001111000000000001111111100000000111100000000000001111000000001111000000000000000000000011110000000000000011100000000000000111100000000000011110000000000000011110000000111100000000000000000000111100000000000000000
00001111100000000000011110000000001111000000000000111111100000000111100000000000011111000000001111000000000000000000000011110000000000000111100000000000000111100000000000111100000000000000011110000000111100000000000000000000111100000000000000000
00000111110000000000111110000000001111000000000000011111100000000111100000000000111110000000001111000000000000000000000011110000000000000011100000000000000111100000000000111100000000000000001111000000111100000000000000000000111100000000000000000
00000011111100000111111100000000001111000000000000011111100000000111110000000111111100000000001111100000000000000000000011110000000000000011100000000000000111100000000001111000000000000000001111000000111100000000000000000000111100000000000000000
00000001111111111111111000000000001111000000000000001111100000000111111111111111111000000000001111111111111111111110000011110000000000000011110000000000000111100000000001111000000000000000001111000000111111111111111111100000111111111111111111110
00000000111111111111100000000000001111000000000000001111100000000111111111111111100000000000001111111111111111111110000011110000000000000011110000000000000111100000000001111000000000000000000111100000111111111111111111100000111111111111111111110
00000000000111111100000000000000001111000000000000000111100000000111111111111100000000000000001111111111111111111110000011110000000000000011111000000000000111100000000011110000000000000000000111100000111111111111111111100000111111111111111111110
00000000000000000000000000000000000000000000000000000000000000000000000000000000000000000000000000000000000000000000000000000000000000000000000000000000000000000000000000000000000000000000000000000000000000000000000000000000000000000000000000000
00000000000000000000000000000000000000000000000000000000000000000000000000000000000000000000000000000000000000000000000000000000000000000000000000000000000000000000000000000000000000000000000000000000000000000000000000000000000000000000000000000
00000000000000000000000000000000000000000000000000000000000000000000000000000000000000000000000000000000000000000000000000000000000000000000000000000000000000000000000000000000000000000000000000000000000000000000000000000000000000000000000000000
00000000000000000000000000000000000000000000000000000000000000000000000000000000000000000000000000000000000000000000000000000000000000000000000000000000000000000000000000000000000000000000000000000000000000000000000000000000000000000000000000000
00000000000000000000000000000000000000000000000000000000000000000000000000000000000000000000000000000000000000000000000000000000000000000000000000000000000000000000000000000000000000000000000000000000000000000000000000000000000000000000000000000
00000000000000000000000000000000000000000000000000000000000000000000000000000000000000000000000000000000000000000000000000000000000000000000000000000000000000000000000000000000000000000000000000000000000000000000000000000000000000000000000000000
00000000000000000000000000000000000000000000000000000000000000000000000000000000000000000000000000000000000000000000000000000000000000000000000000000000000000000000000000000000000000000000000000000000000000000000000000000000000000000000000000000
