0000000000000000000000000000000000000000000000000000000000000000000000000000000000000000000000000000000000000000000000000000000000000000000000000000000000000000000000000000000000000000000000000000000000000000000000000000000000000000000000000000
0000000000000000000000000000000000000000000000000000000000000000000000000000000000000000000000000000000000000000000000000000000000000000000000000000000000000000000000000000000000000000000000000000000000000000000000000000000000000000000000000000
0000000000000000000110000000000000011000000000000000000000000000000000000000000000000000000000000000000000000000000000000000000000000000000000000000000000000000000000000000000000000000000000000000000000000000110000000000000000000000000000000000
0111111111111111000110000000000000011000000000000000000000000000111111111100000000000000000000000000000000000000000000000110000000000000000000000000000000111110000000000000000000000000000000001111111111111000110000000000000000000000000000011100
0111111111111111000110000000000000000000000000000000000000000000111111111111000000000000000000000000000000000000000000000110000000000000000000000000000011111111100000000000000000000000000000001111111111111000000000000000000000000000000000011100
0000000110000000000110000000000000000000000000000000000000000000110000000111100000000000000000000000000000000000000000000110000000000000000000000000000111100001110000000000000000000000000000001100000000000000000000000000000000000000000000011100
0000000110000000000110000000000000000000000000000000000000000000110000000001100000000000000000000000000000000000000000000110000000000000000000000000001110000000111000000000000000000000000000001100000000000000000000000000000000000000000000011100
0000000110000000000110000000000000000000000000000000000000000000110000000001100000000000000000000000000000000000000000000110000000000000000000000000001100000000011100000000000000000000000000001100000000000000000000000000000000000000000000011100
0000000110000000000110001111000000011000000001111000000000000000110000000001110001100000001110000000111100011000000000000110000000011110000000000000011100000000001100000110011110000000000000001100000000000000110000011001110000001111000000011100
0000000110000000000110111111100000011000000111111110000000000000110000000001110001100000001110000001111111111000000000000110000001111111100000000000011100000000001100000110111111100000000000001100000000000000110000011011100000111111110000011100
0000000110000000000111100011110000011000001110000111000000000000110000000001100001100000001110000011100001111000000000000110000011100001110000000000011000000000001110000111100011110000000000001100000000000000110000011110000001110000111000011100
0000000110000000000110000000110000011000001100000011000000000000110000000001100001100000001110000111000000111000000000000110000011000000110000000000011000000000001110000110000001110000000000001100000000000000110000011100000011100000011000011100
0000000110000000000110000000110000011000001100000000000000000000110000000111100001100000001110000110000000111000000000000110000011000000000000000000011000000000001110000110000000110000000000001111111111100000110000011000000011000000011000011100
0000000110000000000110000000110000011000001100000000000000000000111111111111000001100000001110000110000000111000000000000110000011100000000000000000011000000000001110000110000000110000000000001111111111100000110000011000000011000000011000011100
0000000110000000000110000000110000011000001111100000000000000000111111111100000001100000001110001110000000111000000000000110000011111000000000000000011000000000001110000110000000110000000000001100000000000000110000011000000011111111111000011100
0000000110000000000110000000110000011000000011111100000000000000110000000000000001100000001110001110000000111000000000000110000000111111000000000000011000000000001110001110000000110000000000001100000000000000110000011000000011111111111000011100
0000000110000000000110000000110000011000000000011111000000000000110000000000000001110000001110001110000000111000000000000110000000000111110000000000011100000000001110000110000000110000000000001100000000000000110000011000000011000000000000000000
0000000110000000000110000000110000011000000000000011000000000000110000000000000001100000001110001110000000111000000000000110000000000000110000000000011100000000001100000110000000110000000000001100000000000000110000011000000011000000000000000000
0000000110000000000110000000110000011000011000000011100000000000110000000000000001110000001110000110000000111000000000000110000110000000111000000000001100000000011100000110000000110000000000001100000000000000110000011000000011000000000000000000
0000000110000000000110000000110000011000011100000011000000000000110000000000000001110000001110000111000000111000000000000110000111000000110000000000001110000000011000000110000000110000000000001100000000000000110000011000000011100000000000000000
0000000110000000000110000000110000011000001110000111000000000000110000000000000000111000011110000011100001111000000000000110000011100001110000000000000111100001110000000110000000110000000000001100000000000000110000011000000001110000011000011100
0000000110000000000110000000110000011000000111111110000000000000110000000000000000011111110110000011111111111000000000000110000001111111100000000000000011111111100000001110000000110000000000001100000000000000110000011000000000111111111000011100
0000000110000000000110000000110000011000000011111100000000000000110000000000000000001111000110000000111100111000000000000110000000111111000000000000000000111110000000000110000000110000000000001100000000000000110000011000000000001111100000011100
0000000000000000000000000000000000000000000000000000000000000000000000000000000000000000000000000000000000111000000000000000000000000000000000000000000000000000000000000000000000000000000000000000000000000000000000000000000000000000000000000000
0000000000000000000000000000000000000000000000000000000000000000000000000000000000000000000000000000000000110000000000000000000000000000000000000000000000000000000000000000000000000000000000000000000000000000000000000000000000000000000000000000
0000000000000000000000000000000000000000000000000000000000000000000000000000000000000000000000000000000000110000000000000000000000000000000000000000000000000000000000000000000000000000000000000000000000000000000000000000000000000000000000000000
0000000000000000000000000000000000000000000000000000000000000000000000000000000000000000000000000001000011110000000000000000000000000000000000000000000000000000000000000000000000000000000000000000000000000000000000000000000000000000000000000000
0000000000000000000000000000000000000000000000000000000000000000000000000000000000000000000000000011111111100000000000000000000000000000000000000000000000000000000000000000000000000000000000000000000000000000000000000000000000000000000000000000
