000000000000000000000000000000000000000000000000000000000000000000000000000000000000000000000000000000000000000000000000000000000000000
000000000000000000000000000000000000000000000000000000000000000000000000000000000000000000000000000000000000000000000000000000000000000
000000000000000000000000000000000000000000000000000000000000000000000000000000000000000000000000000000000000000000000000000000000000000
000000111100000000111100000000011111000000000111100000000011111000000111111111110000001111000000000111100000000001111000000000001100000
000011111110000001111111000000111111100000001111111000000111111100000111111111110000111111100000001111111000000111111110000011111100000
000111000000000011000011100001100000110000011000011100001100000110000000000001100001100000110000011000011100001110000110000000011100000
000110000000000110000001100001100000110000110000001100001100000111000000000001000001100000111000110000001100001100000011000000001100000
001100000000000110000001100001000000010000110000001100011000000011000000000011000011000000011000110000001100001100000011000000001100000
001100000000000110000000100000000000110000110000000100000000000011000000000110000000000000011000110000000100000000000011000000001100000
001100111100000110000001110000000000110000110000001100000000000110000000000100000000000000110000110000001100000000000011000000001100000
001111111110000110000000110000001111100000110000000110000000000110000000001100000000000000110000110000000110000000000110000000001100000
001100000011000110000000100000001111000000110000000110000000001100000000001100000000000001100000110000000110000000001100000000001100000
001100000011000110000001110000000000110000110000000100000000011000000000011000000000000011000000110000001110000000011100000000001100000
001100000011000110000000110000000000010000110000000100000000110000000000011000000000000110000000110000000110000000111000000000001100000
001100000011000110000001100000000000011000110000000100000001100000000000011000000000001100000000110000000100000000110000000000001100000
001100000011000110000001100011000000011000110000001100000011000000000000010000000000011000000000110000001100000001100000000000001100000
001100000011000110000001100011000000011000110000001100000111000000000000110000000000111000000000110000001100000011000000000000001100000
000110000111000011000011100001100000110000011000011100001110000000000000110000000001110000000000011000011100000110000000000000001100000
000011111110000001111111000000111111100000001111111000001111111111000000110000000001111111111000001111111000001111111111100000001100000
000001111000000000111100000000011111000000000111100000001111111111000000110000000001111111111000000111100000001111111111100000001100000
000000000000000000000000000000000000000000000000000000000000000000000000000000000000000000000000000000000000000000000000000000000000000
000000000000000000000000000000000000000000000000000000000000000000000000000000000000000000000000000000000000000000000000000000000000000
000000000000000000000000000000000000000000000000000000000000000000000000000000000000000000000000000000000000000000000000000000000000000
000000000000000000000000000000000000000000000000000000000000000000000000000000000000000000000000000000000000000000000000000000000000000
000000000000000000000000000000000000000000000000000000000000000000000000000000000000000000000000000000000000000000000000000000000000000
000000000000000000000000000000000000000000000000000000000000000000000000000000000000000000000000000000000000000000000000000000000000000
000000000000000000000000000000000000000000000000000000000000000000000000000000000000000000000000000000000000000000000000000000000000000
000000111100000000111100000000011111000000000111100000000011111000000111111111110000001111000000000111100000000001111000000000001100000
000011111110000001111111000000111111100000001111111000000111111100000111111111110000111111100000001111111000000111111110000011111100000
000111000000000011000011100001100000110000011000011100001100000110000000000001100001100000110000011000011100001110000110000000011100000
000110000000000110000001100001100000110000110000001100001100000111000000000001000001100000111000110000001100001100000011000000001100000
001100000000000110000001100001000000010000110000001100011000000011000000000011000011000000011000110000001100001100000011000000001100000
001100000000000110000000100000000000110000110000000100000000000011000000000110000000000000011000110000000100000000000011000000001100000
001100111100000110000001110000000000110000110000001100000000000110000000000100000000000000110000110000001100000000000011000000001100000
001111111110000110000000110000001111100000110000000110000000000110000000001100000000000000110000110000000110000000000110000000001100000
001100000011000110000000100000001111000000110000000110000000001100000000001100000000000001100000110000000110000000001100000000001100000
001100000011000110000001110000000000110000110000000100000000011000000000011000000000000011000000110000001110000000011100000000001100000
001100000011000110000000110000000000010000110000000100000000110000000000011000000000000110000000110000000110000000111000000000001100000
001100000011000110000001100000000000011000110000000100000001100000000000011000000000001100000000110000000100000000110000000000001100000
001100000011000110000001100011000000011000110000001100000011000000000000010000000000011000000000110000001100000001100000000000001100000
001100000011000110000001100011000000011000110000001100000111000000000000110000000000111000000000110000001100000011000000000000001100000
000110000111000011000011100001100000110000011000011100001110000000000000110000000001110000000000011000011100000110000000000000001100000
000011111110000001111111000000111111100000001111111000001111111111000000110000000001111111111000001111111000001111111111100000001100000
000001111000000000111100000000011111000000000111100000001111111111000000110000000001111111111000000111100000001111111111100000001100000
000000000000000000000000000000000000000000000000000000000000000000000000000000000000000000000000000000000000000000000000000000000000000
000000000000000000000000000000000000000000000000000000000000000000000000000000000000000000000000000000000000000000000000000000000000000
000000000000000000000000000000000000000000000000000000000000000000000000000000000000000000000000000000000000000000000000000000000000000
000000000000000000000000000000000000000000000000000000000000000000000000000000000000000000000000000000000000000000000000000000000000000
000000000000000000000000000000000000000000000000000000000000000000000000000000000000000000000000000000000000000000000000000000000000000
000000000000000000000000000000000000000000000000000000000000000000000000000000000000000000000000000000000000000000000000000000000000000
000000000000000000000000000000000000000000000000000000000000000000000000000000000000000000000000000000000000000000000000000000000000000
000000111100000000111100000000011111000000000111100000000011111000000111111111110000001111000000000111100000000001111000000000001100000
000011111110000001111111000000111111100000001111111000000111111100000111111111110000111111100000001111111000000111111110000011111100000
000111000000000011000011100001100000110000011000011100001100000110000000000001100001100000110000011000011100001110000110000000011100000
000110000000000110000001100001100000110000110000001100001100000111000000000001000001100000111000110000001100001100000011000000001100000
001100000000000110000001100001000000010000110000001100011000000011000000000011000011000000011000110000001100001100000011000000001100000
001100000000000110000000100000000000110000110000000100000000000011000000000110000000000000011000110000000100000000000011000000001100000
001100111100000110000001110000000000110000110000001100000000000110000000000100000000000000110000110000001100000000000011000000001100000
001111111110000110000000110000001111100000110000000110000000000110000000001100000000000000110000110000000110000000000110000000001100000
001100000011000110000000100000001111000000110000000110000000001100000000001100000000000001100000110000000110000000001100000000001100000
001100000011000110000001110000000000110000110000000100000000011000000000011000000000000011000000110000001110000000011100000000001100000
001100000011000110000000110000000000010000110000000100000000110000000000011000000000000110000000110000000110000000111000000000001100000
001100000011000110000001100000000000011000110000000100000001100000000000011000000000001100000000110000000100000000110000000000001100000
001100000011000110000001100011000000011000110000001100000011000000000000010000000000011000000000110000001100000001100000000000001100000
001100000011000110000001100011000000011000110000001100000111000000000000110000000000111000000000110000001100000011000000000000001100000
000110000111000011000011100001100000110000011000011100001110000000000000110000000001110000000000011000011100000110000000000000001100000
000011111110000001111111000000111111100000001111111000001111111111000000110000000001111111111000001111111000001111111111100000001100000
000001111000000000111100000000011111000000000111100000001111111111000000110000000001111111111000000111100000001111111111100000001100000
000000000000000000000000000000000000000000000000000000000000000000000000000000000000000000000000000000000000000000000000000000000000000
000000000000000000000000000000000000000000000000000000000000000000000000000000000000000000000000000000000000000000000000000000000000000
000000000000000000000000000000000000000000000000000000000000000000000000000000000000000000000000000000000000000000000000000000000000000
000000000000000000000000000000000000000000000000000000000000000000000000000000000000000000000000000000000000000000000000000000000000000
000000000000000000000000000000000000000000000000000000000000000000000000000000000000000000000000000000000000000000000000000000000000000
000000000000000000000000000000000000000000000000000000000000000000000000000000000000000000000000000000000000000000000000000000000000000
000000000000000000000000000000000000000000000000000000000000000000000000000000000000000000000000000000000000000000000000000000000000000
000000111100000000111100000000011111000000000111100000000011111000000111111111110000001111000000000111100000000001111000000000001100000
000011111110000001111111000000111111100000001111111000000111111100000111111111110000111111100000001111111000000111111110000011111100000
000111000000000011000011100001100000110000011000011100001100000110000000000001100001100000110000011000011100001110000110000000011100000
000110000000000110000001100001100000110000110000001100001100000111000000000001000001100000111000110000001100001100000011000000001100000
001100000000000110000001100001000000010000110000001100011000000011000000000011000011000000011000110000001100001100000011000000001100000
001100000000000110000000100000000000110000110000000100000000000011000000000110000000000000011000110000000100000000000011000000001100000
001100111100000110000001110000000000110000110000001100000000000110000000000100000000000000110000110000001100000000000011000000001100000
001111111110000110000000110000001111100000110000000110000000000110000000001100000000000000110000110000000110000000000110000000001100000
001100000011000110000000100000001111000000110000000110000000001100000000001100000000000001100000110000000110000000001100000000001100000
001100000011000110000001110000000000110000110000000100000000011000000000011000000000000011000000110000001110000000011100000000001100000
001100000011000110000000110000000000010000110000000100000000110000000000011000000000000110000000110000000110000000111000000000001100000
001100000011000110000001100000000000011000110000000100000001100000000000011000000000001100000000110000000100000000110000000000001100000
001100000011000110000001100011000000011000110000001100000011000000000000010000000000011000000000110000001100000001100000000000001100000
001100000011000110000001100011000000011000110000001100000111000000000000110000000000111000000000110000001100000011000000000000001100000
000110000111000011000011100001100000110000011000011100001110000000000000110000000001110000000000011000011100000110000000000000001100000
000011111110000001111111000000111111100000001111111000001111111111000000110000000001111111111000001111111000001111111111100000001100000
000001111000000000111100000000011111000000000111100000001111111111000000110000000001111111111000000111100000001111111111100000001100000
000000000000000000000000000000000000000000000000000000000000000000000000000000000000000000000000000000000000000000000000000000000000000
000000000000000000000000000000000000000000000000000000000000000000000000000000000000000000000000000000000000000000000000000000000000000
000000000000000000000000000000000000000000000000000000000000000000000000000000000000000000000000000000000000000000000000000000000000000
000000000000000000000000000000000000000000000000000000000000000000000000000000000000000000000000000000000000000000000000000000000000000
000000000000000000000000000000000000000000000000000000000000000000000000000000000000000000000000000000000000000000000000000000000000000
000000000000000000000000000000000000000000000000000000000000000000000000000000000000000000000000000000000000000000000000000000000000000
000000000000000000000000000000000000000000000000000000000000000000000000000000000000000000000000000000000000000000000000000000000000000
000000111100000000111100000000011111000000000111100000000011111000000111111111110000001111000000000111100000000001111000000000001100000
000011111110000001111111000000111111100000001111111000000111111100000111111111110000111111100000001111111000000111111110000011111100000
000111000000000011000011100001100000110000011000011100001100000110000000000001100001100000110000011000011100001110000110000000011100000
000110000000000110000001100001100000110000110000001100001100000111000000000001000001100000111000110000001100001100000011000000001100000
001100000000000110000001100001000000010000110000001100011000000011000000000011000011000000011000110000001100001100000011000000001100000
001100000000000110000000100000000000110000110000000100000000000011000000000110000000000000011000110000000100000000000011000000001100000
001100111100000110000001110000000000110000110000001100000000000110000000000100000000000000110000110000001100000000000011000000001100000
001111111110000110000000110000001111100000110000000110000000000110000000001100000000000000110000110000000110000000000110000000001100000
001100000011000110000000100000001111000000110000000110000000001100000000001100000000000001100000110000000110000000001100000000001100000
001100000011000110000001110000000000110000110000000100000000011000000000011000000000000011000000110000001110000000011100000000001100000
001100000011000110000000110000000000010000110000000100000000110000000000011000000000000110000000110000000110000000111000000000001100000
001100000011000110000001100000000000011000110000000100000001100000000000011000000000001100000000110000000100000000110000000000001100000
001100000011000110000001100011000000011000110000001100000011000000000000010000000000011000000000110000001100000001100000000000001100000
001100000011000110000001100011000000011000110000001100000111000000000000110000000000111000000000110000001100000011000000000000001100000
000110000111000011000011100001100000110000011000011100001110000000000000110000000001110000000000011000011100000110000000000000001100000
000011111110000001111111000000111111100000001111111000001111111111000000110000000001111111111000001111111000001111111111100000001100000
000001111000000000111100000000011111000000000111100000001111111111000000110000000001111111111000000111100000001111111111100000001100000
000000000000000000000000000000000000000000000000000000000000000000000000000000000000000000000000000000000000000000000000000000000000000
000000000000000000000000000000000000000000000000000000000000000000000000000000000000000000000000000000000000000000000000000000000000000
000000000000000000000000000000000000000000000000000000000000000000000000000000000000000000000000000000000000000000000000000000000000000
000000000000000000000000000000000000000000000000000000000000000000000000000000000000000000000000000000000000000000000000000000000000000