00000000000000000000000000000000000000000000000000000000000000000000000000000000000000000000000000000000000000000000000000000000000000000000000
00000000000000000000000000000000000000000000000000000000000000000000000000000000000000000000000000000000000000000000000000000000000000000000000
00000000000000001100000000000000000000000000000000000000000000000000000000000000000000000000000000110000000000000000000000000000000000000000000
01111111111110001100000000000000000000000000000000000000000000000000000000000000000000000000000000110000000000000000000000000000000000000000000
01111111111110001100000000000000000000000000000000000000000000000000000000000000000000000000000000110000000000000000000000000000000000000000000
00000011000000001100000000000000000000000000000000000000000000000000000000000000000000000000000000110000000000000000000000000000000000000000000
00000011000000001100000000000000000000000000000000000000000000000000000000000000000000000000000000110000000000000000000000000000000000000000000
00000011000000001100111100000000111110000001100111000011110000001100111000011110000000011111000000110000011000000111100000001101110011001111000
00000011000000001111111110000001111111000001111111110111111000001111111110111111000000111111100000110000110000011111111000001111110011111111100
00000011000000001110000110000011000001100001110000111000011100001110000111100011100001100000110000110001110000011000011100001110000011100001110
00000011000000001100000011000000000001100001100000111000001100001100000111000001100000000000110000110001100000110000001100001100000011000000110
00000011000000001100000011000000000001100001100000011000001100001100000111000001100000000000110000110011000000110000001100001100000011000000110
00000011000000001100000011000000111111100001100000010000001100001100000111000001100000011111110000111110000000110000000110001100000011000000110
00000011000000001100000011000011110001100001100000010000001100001100000010000001100001111001110000111111000000110000000110001100000011000000110
00000011000000001100000011000011000001100001100000010000001100001100000011000001100001100000110000110011000000110000000110001100000011000000110
00000011000000001100000011000110000001100001100000010000001100001100000010000001100011000000110000110001100000110000001100001100000011000000110
00000011000000001100000011000110000001100001100000010000001100001100000011000001100011000000110000110001110000110000001100001100000011000000110
00000011000000001100000011000111000011100001100000010000001100001100000110000001100011100001110000110000110000011000011100001100000011000000110
00000011000000001100000011000011111111100001100000010000001100001100000010000001100001111111110000110000011000001111111000001100000011000000110
00000011000000001100000011000001111001100001100000110000001100001100000111000001100000111100110000110000011100000111100000001100000011000000110
00000000000000000000000000000000000000000000000000000000000000000000000000000000000000000000000000000000000000000000000000000000000000000000000
00000000000000000000000000000000000000000000000000000000000000000000000000000000000000000000000000000000000000000000000000000000000000000000000
00000000000000000000000000000000000000000000000000000000000000000000000000000000000000000000000000000000000000000000000000000000000000000000000
00000000000000000000000000000000000000000000000000000000000000000000000000000000000000000000000000000000000000000000000000000000000000000000000
00000000000000000000000000000000000000000000000000000000000000000000000000000000000000000000000000000000000000000000000000000000000000000000000
00000000000000000000000000000000000000000000000000000000000000000000000000000000000000000000000000000000000000000000000000000000000000000000000
00000000000000001100000000000000000000000000000000000000000000000000000000000000000000000000000000110000000000000000000000000000000000000000000
01111111111110001100000000000000000000000000000000000000000000000000000000000000000000000000000000110000000000000000000000000000000000000000000
01111111111110001100000000000000000000000000000000000000000000000000000000000000000000000000000000110000000000000000000000000000000000000000000
00000011000000001100000000000000000000000000000000000000000000000000000000000000000000000000000000110000000000000000000000000000000000000000000
00000011000000001100000000000000000000000000000000000000000000000000000000000000000000000000000000110000000000000000000000000000000000000000000
00000011000000001100111100000000111110000001100111000011110000001100111000011110000000011111000000110000011000000111100000001101110011001111000
00000011000000001111111110000001111111000001111111110111111000001111111110111111000000111111100000110000110000011111111000001111110011111111100
00000011000000001110000110000011000001100001110000111000011100001110000111100011100001100000110000110001110000011000011100001110000011100001110
00000011000000001100000011000000000001100001100000111000001100001100000111000001100000000000110000110001100000110000001100001100000011000000110
00000011000000001100000011000000000001100001100000011000001100001100000111000001100000000000110000110011000000110000001100001100000011000000110
00000011000000001100000011000000111111100001100000010000001100001100000111000001100000011111110000111110000000110000000110001100000011000000110
00000011000000001100000011000011110001100001100000010000001100001100000010000001100001111001110000111111000000110000000110001100000011000000110
00000011000000001100000011000011000001100001100000010000001100001100000011000001100001100000110000110011000000110000000110001100000011000000110
00000011000000001100000011000110000001100001100000010000001100001100000010000001100011000000110000110001100000110000001100001100000011000000110
00000011000000001100000011000110000001100001100000010000001100001100000011000001100011000000110000110001110000110000001100001100000011000000110
00000011000000001100000011000111000011100001100000010000001100001100000110000001100011100001110000110000110000011000011100001100000011000000110
00000011000000001100000011000011111111100001100000010000001100001100000010000001100001111111110000110000011000001111111000001100000011000000110
00000011000000001100000011000001111001100001100000110000001100001100000111000001100000111100110000110000011100000111100000001100000011000000110
00000000000000000000000000000000000000000000000000000000000000000000000000000000000000000000000000000000000000000000000000000000000000000000000
00000000000000000000000000000000000000000000000000000000000000000000000000000000000000000000000000000000000000000000000000000000000000000000000
00000000000000000000000000000000000000000000000000000000000000000000000000000000000000000000000000000000000000000000000000000000000000000000000
00000000000000000000000000000000000000000000000000000000000000000000000000000000000000000000000000000000000000000000000000000000000000000000000
00000000000000000000000000000000000000000000000000000000000000000000000000000000000000000000000000000000000000000000000000000000000000000000000
00000000000000000000000000000000000000000000000000000000000000000000000000000000000000000000000000000000000000000000000000000000000000000000000
00000000000000001100000000000000000000000000000000000000000000000000000000000000000000000000000000110000000000000000000000000000000000000000000
01111111111110001100000000000000000000000000000000000000000000000000000000000000000000000000000000110000000000000000000000000000000000000000000
01111111111110001100000000000000000000000000000000000000000000000000000000000000000000000000000000110000000000000000000000000000000000000000000
00000011000000001100000000000000000000000000000000000000000000000000000000000000000000000000000000110000000000000000000000000000000000000000000
00000011000000001100000000000000000000000000000000000000000000000000000000000000000000000000000000110000000000000000000000000000000000000000000
00000011000000001100111100000000111110000001100111000011110000001100111000011110000000011111000000110000011000000111100000001101110011001111000
00000011000000001111111110000001111111000001111111110111111000001111111110111111000000111111100000110000110000011111111000001111110011111111100
00000011000000001110000110000011000001100001110000111000011100001110000111100011100001100000110000110001110000011000011100001110000011100001110
00000011000000001100000011000000000001100001100000111000001100001100000111000001100000000000110000110001100000110000001100001100000011000000110
00000011000000001100000011000000000001100001100000011000001100001100000111000001100000000000110000110011000000110000001100001100000011000000110
00000011000000001100000011000000111111100001100000010000001100001100000111000001100000011111110000111110000000110000000110001100000011000000110
00000011000000001100000011000011110001100001100000010000001100001100000010000001100001111001110000111111000000110000000110001100000011000000110
00000011000000001100000011000011000001100001100000010000001100001100000011000001100001100000110000110011000000110000000110001100000011000000110
00000011000000001100000011000110000001100001100000010000001100001100000010000001100011000000110000110001100000110000001100001100000011000000110
00000011000000001100000011000110000001100001100000010000001100001100000011000001100011000000110000110001110000110000001100001100000011000000110
00000011000000001100000011000111000011100001100000010000001100001100000110000001100011100001110000110000110000011000011100001100000011000000110
00000011000000001100000011000011111111100001100000010000001100001100000010000001100001111111110000110000011000001111111000001100000011000000110
00000011000000001100000011000001111001100001100000110000001100001100000111000001100000111100110000110000011100000111100000001100000011000000110
00000000000000000000000000000000000000000000000000000000000000000000000000000000000000000000000000000000000000000000000000000000000000000000000
00000000000000000000000000000000000000000000000000000000000000000000000000000000000000000000000000000000000000000000000000000000000000000000000
00000000000000000000000000000000000000000000000000000000000000000000000000000000000000000000000000000000000000000000000000000000000000000000000
00000000000000000000000000000000000000000000000000000000000000000000000000000000000000000000000000000000000000000000000000000000000000000000000
00000000000000000000000000000000000000000000000000000000000000000000000000000000000000000000000000000000000000000000000000000000000000000000000
00000000000000000000000000000000000000000000000000000000000000000000000000000000000000000000000000000000000000000000000000000000000000000000000
00000000000000001100000000000000000000000000000000000000000000000000000000000000000000000000000000110000000000000000000000000000000000000000000
01111111111110001100000000000000000000000000000000000000000000000000000000000000000000000000000000110000000000000000000000000000000000000000000
01111111111110001100000000000000000000000000000000000000000000000000000000000000000000000000000000110000000000000000000000000000000000000000000
00000011000000001100000000000000000000000000000000000000000000000000000000000000000000000000000000110000000000000000000000000000000000000000000
00000011000000001100000000000000000000000000000000000000000000000000000000000000000000000000000000110000000000000000000000000000000000000000000
00000011000000001100111100000000111110000001100111000011110000001100111000011110000000011111000000110000011000000111100000001101110011001111000
00000011000000001111111110000001111111000001111111110111111000001111111110111111000000111111100000110000110000011111111000001111110011111111100
00000011000000001110000110000011000001100001110000111000011100001110000111100011100001100000110000110001110000011000011100001110000011100001110
00000011000000001100000011000000000001100001100000111000001100001100000111000001100000000000110000110001100000110000001100001100000011000000110
00000011000000001100000011000000000001100001100000011000001100001100000111000001100000000000110000110011000000110000001100001100000011000000110
00000011000000001100000011000000111111100001100000010000001100001100000111000001100000011111110000111110000000110000000110001100000011000000110
00000011000000001100000011000011110001100001100000010000001100001100000010000001100001111001110000111111000000110000000110001100000011000000110
00000011000000001100000011000011000001100001100000010000001100001100000011000001100001100000110000110011000000110000000110001100000011000000110
00000011000000001100000011000110000001100001100000010000001100001100000010000001100011000000110000110001100000110000001100001100000011000000110
00000011000000001100000011000110000001100001100000010000001100001100000011000001100011000000110000110001110000110000001100001100000011000000110
00000011000000001100000011000111000011100001100000010000001100001100000110000001100011100001110000110000110000011000011100001100000011000000110
00000011000000001100000011000011111111100001100000010000001100001100000010000001100001111111110000110000011000001111111000001100000011000000110
00000011000000001100000011000001111001100001100000110000001100001100000111000001100000111100110000110000011100000111100000001100000011000000110
00000000000000000000000000000000000000000000000000000000000000000000000000000000000000000000000000000000000000000000000000000000000000000000000
00000000000000000000000000000000000000000000000000000000000000000000000000000000000000000000000000000000000000000000000000000000000000000000000
00000000000000000000000000000000000000000000000000000000000000000000000000000000000000000000000000000000000000000000000000000000000000000000000
00000000000000000000000000000000000000000000000000000000000000000000000000000000000000000000000000000000000000000000000000000000000000000000000
00000000000000000000000000000000000000000000000000000000000000000000000000000000000000000000000000000000000000000000000000000000000000000000000
00000000000000000000000000000000000000000000000000000000000000000000000000000000000000000000000000000000000000000000000000000000000000000000000
00000000000000001100000000000000000000000000000000000000000000000000000000000000000000000000000000110000000000000000000000000000000000000000000
01111111111110001100000000000000000000000000000000000000000000000000000000000000000000000000000000110000000000000000000000000000000000000000000
01111111111110001100000000000000000000000000000000000000000000000000000000000000000000000000000000110000000000000000000000000000000000000000000
00000011000000001100000000000000000000000000000000000000000000000000000000000000000000000000000000110000000000000000000000000000000000000000000
00000011000000001100000000000000000000000000000000000000000000000000000000000000000000000000000000110000000000000000000000000000000000000000000
00000011000000001100111100000000111110000001100111000011110000001100111000011110000000011111000000110000011000000111100000001101110011001111000
00000011000000001111111110000001111111000001111111110111111000001111111110111111000000111111100000110000110000011111111000001111110011111111100
00000011000000001110000110000011000001100001110000111000011100001110000111100011100001100000110000110001110000011000011100001110000011100001110
00000011000000001100000011000000000001100001100000111000001100001100000111000001100000000000110000110001100000110000001100001100000011000000110
00000011000000001100000011000000000001100001100000011000001100001100000111000001100000000000110000110011000000110000001100001100000011000000110
00000011000000001100000011000000111111100001100000010000001100001100000111000001100000011111110000111110000000110000000110001100000011000000110
00000011000000001100000011000011110001100001100000010000001100001100000010000001100001111001110000111111000000110000000110001100000011000000110
00000011000000001100000011000011000001100001100000010000001100001100000011000001100001100000110000110011000000110000000110001100000011000000110
00000011000000001100000011000110000001100001100000010000001100001100000010000001100011000000110000110001100000110000001100001100000011000000110
00000011000000001100000011000110000001100001100000010000001100001100000011000001100011000000110000110001110000110000001100001100000011000000110
00000011000000001100000011000111000011100001100000010000001100001100000110000001100011100001110000110000110000011000011100001100000011000000110
00000011000000001100000011000011111111100001100000010000001100001100000010000001100001111111110000110000011000001111111000001100000011000000110
00000011000000001100000011000001111001100001100000110000001100001100000111000001100000111100110000110000011100000111100000001100000011000000110
00000000000000000000000000000000000000000000000000000000000000000000000000000000000000000000000000000000000000000000000000000000000000000000000
00000000000000000000000000000000000000000000000000000000000000000000000000000000000000000000000000000000000000000000000000000000000000000000000
00000000000000000000000000000000000000000000000000000000000000000000000000000000000000000000000000000000000000000000000000000000000000000000000
00000000000000000000000000000000000000000000000000000000000000000000000000000000000000000000000000000000000000000000000000000000000000000000000

