0000000000000000000000000000000000000000000000000000000000000000000000000000000000000000000000000000000000000000000000000000000000000000000000000000000000000000000000000000000000000000000000000000000000000000000000000000000000000000000000000000
0000000000000000000000000000000000000000000000000000000000000000000000000000000000000000000000000000000000000000000000000000000000000000000000000000000000000000000000000000000000000000000000000000000000000000000000000000000000000000000000000000
0000000000000000000000000000000000110000000000000000000000000000000000000000000000000000000000000000000000000000000000000000000000000000000000000000000000000000000000000000000000000000000000000000000000000001100000000000000110000000000000000000
0011100000000000000000000000000000110001111111111111000000000000000000000000000000000111110000000000000000000000000000000110000000000000000000000000000000000000000000000011111111110000000000000000000000000001100000000000000110001111111111111110
0011100000000000000000000000000000000001111111111111000000000000000000000000000000011111111100000000000000000000000000000110000000000000000000000000000000000000000000001111111111110000000000000000000000000000000000000000000110001111111111111110
0011100000000000000000000000000000000000000000000011000000000000000000000000000000111000011110000000000000000000000000000110000000000000000000000000000000000000000000011110000000110000000000000000000000000000000000000000000110000000000110000000
0011100000000000000000000000000000000000000000000011000000000000000000000000000001110000000111000000000000000000000000000110000000000000000000000000000000000000000000011000000000110000000000000000000000000000000000000000000110000000000110000000
0011100000000000000000000000000000000000000000000011000000000000000000000000000011100000000011000000000000000000000000000110000000000000000000000000000000000000000000011000000000110000000000000000000000000000000000000000000110000000000110000000
0011100000001111000000111001100000110000000000000011000000000000000111100111000011000000000011100000000000000111100000000110000000000001100011110000000111000000011000111000000000110000000000000001111000000001100000001111000110000000000110000000
0011100000111111110000011101100000110000000000000011000000000000011111110110000111000000000011100000000000011111111000000110000000000001111111111000000111000000111000111000000000110000000000000111111110000001100000011111110110000000000110000000
0011100001110000111000000111100000110000000000000011000000000000111100011110000111000000000001100000000000111000011100000110000000000001111000011100000111000000011000011000000000110000000000001110000111000001100000111100011110000000000110000000
0011100001100000011100000011100000110000000000000011000000000000111000000111000111000000000001100000000000110000001100000110000000000001110000001110000111000000111000011000000000110000000000001100000011000001100000110000000110000000000110000000
0011100001100000001100000001100000110000011111111111000000000000110000000110000111000000000001100000000000000000001100000110000000000001110000000110000111000000111000011110000000110000000000001000000011000001100000110000000110000000000110000000
0011100001100000001100000001100000110000011111111111000000000000110000000110000111000000000001100000000000000000011100000110000000000001110000000110000111000000011000001111111111110000000000000000000111000001100000110000000110000000000110000000
0011100001111111111100000001100000110000000000000011000000000000110000000110000111000000000001100000000000000001111100000110000000000001110000000111000111000000011000000011111111110000000000000000011111000001100000110000000110000000000110000000
0011100011111111111100000001100000110000000000000011000000000000110000000111000111000000000001100000000000001111110000000110000000000001110000000111000111000000011000000000000000110000000000000011111100000001100000110000000110000000000110000000
0000000000000000001100000001100000110000000000000011000000000000110000000110000111000000000011100000000000111110000000000110000000000001110000000111000111000000111000000000000000110000000000001111100000000001100000110000000110000000000110000000
0000000000000000001100000001100000110000000000000011000000000000110000000110000011000000000011100000000000110000000000000110000000000001110000000111000111000000011000000000000000110000000000001100000000000001100000110000000110000000000110000000
0000000000000000001100000001100000110000000000000011000000000000110000000110000011100000000011000000000001110000000110000110000000000001110000000110000111000000111000000000000000110000000000011100000001100001100000110000000110000000000110000000
0000000000000000011100000001100000110000000000000011000000000000110000000111000001100000000111000000000000110000001110000110000000000001110000001110000111000000111000000000000000110000000000001100000011100001100000110000000110000000000110000000
0011100001100000111000000001100000110000000000000011000000000000110000000110000000111000011110000000000000111000011100000110000000000001111000011100000111100001110000000000000000110000000000001110000111000001100000110000000110000000000110000000
0011100001111111110000000001100000110000000000000011000000000000110000000111000000011111111100000000000000011111111000000110000000000001111111111100000110111111100000000000000000110000000000000111111110000001100000110000000110000000000110000000
0011100000011111000000000001100000110000000000000011000000000000110000000111000000000111110000000000000000000111100000000110000000000001110011110000000110001111000000000000000000110000000000000011111100000001100000110000000110000000000110000000
0000000000000000000000000000000000000000000000000000000000000000000000000000000000000000000000000000000000000000000000000000000000000001110000000000000000000000000000000000000000000000000000000000000000000000000000000000000000000000000000000000
0000000000000000000000000000000000000000000000000000000000000000000000000000000000000000000000000000000000000000000000000000000000000000110000000000000000000000000000000000000000000000000000000000000000000000000000000000000000000000000000000000
0000000000000000000000000000000000000000000000000000000000000000000000000000000000000000000000000000000000000000000000000000000000000000110000000000000000000000000000000000000000000000000000000000000000000000000000000000000000000000000000000000
0000000000000000000000000000000000000000000000000000000000000000000000000000000000000000000000000000000000000000000000000000000000000000111100001000000000000000000000000000000000000000000000000000000000000000000000000000000000000000000000000000
0000000000000000000000000000000000000000000000000000000000000000000000000000000000000000000000000000000000000000000000000000000000000000011111111100000000000000000000000000000000000000000000000000000000000000000000000000000000000000000000000000
