00000000000000000000000000000000000000000000000000000000000000000000000000000000000000000000000000000000000000000000000000000000000000000000000000000000000000000000000000000000000000000000000000000000000000000000000000000000000000000000000000000
00000000000000000000000000000000000000000000000000000000000000000000000000000000000000000000000000000000000000000000000000000000000000000000000000000000000000000000000000000000000000000000000000000000000000000000000000000000000000000000000000000
00000000000000000000000000000000000000000000000000000000000000000000000000000000000000000000000000000000000000000000000000000000000000000000000000000000000000000000000000000000000000000000000000000000000000000000000000000000000000000000000000000
00000000000000000000000000000000000000000000000000000000000000000000000000000000000000000000000000000000000000000000000000000000000000000000000000000000000000000000000000000000000000000000000000000000000000000000000000000000000000000000000000000
00000000000000000000000000000000000000000000000000000000000000000000000000000000000000000000000000000000000000000000000000000000000000000000000000000000000000000000000000000000000000000000000000000000000000000000000000000000000000000000000000000
01111111111111111111100000000000000000000111100000000000000001111000000000001111111111111111111111110000000000011111111111111000000111111111111111111110000000000000000111111111111100000000111100000000000000011110000000111100000000000000001111000
01111111111111111111100000000000000000000111100000000000000001111000000000001111111111111111111111110000000011111111111111111000001111111111111111111110000000000000111111111111111100000000111100000000000000111110000000011100000000000000001111000
01111111111111111111100000000000000000000111100000000000000001111100000000001111111111111111111111110000001111111111111111111000000111111111111111111110000000000011111111111111111100000000111100000000000000111110000000111100000000000000001111000
00000000000000000111100000000000000000000111100000000000000011111100000000000000000000111100000000000000011111100000000001111000000000000000000000011110000000000111111100000001111100000000111100000000000001111110000000011100000000000000001111000
00000000000000000111100000000000000000000111100000000000000011111110000000000000000000111100000000000000011110000000000001111000000000000000000000011110000000001111100000000000111100000000111100000000000001111110000000011100000000000000001111000
00000000000000000111100000000000000000000111100000000000000011111110000000000000000000111100000000000000111100000000000001111000000000000000000000011110000000011111000000000000111100000000111100000000000011111110000000011100000000000000001111000
00000000000000000111100000000000000000000111100000000000000111001110000000000000000000111100000000000000111100000000000001111000000000000000000000011110000000011110000000000000111100000000111100000000000111111110000000011100000000000000001111000
00000000000000000111100000000000000000000111100000000000000111001111000000000000000000111100000000000000111100000000000001111000000000000000000000011110000000111100000000000000111100000000111100000000000111111110000000011100000000000000001111000
00000000000000000111100000000000000000000111100000000000001111001111000000000000000000111100000000000000111000000000000001111000000000000000000000011110000000111100000000000000111100000000111100000000001111011110000000011100000000000000001111000
00000000000000000111100000000000000000000111100000000000001111000111000000000000000000111100000000000000111100000000000001111000000000000000000000011110000001111000000000000000111100000000111100000000001110011110000000011100000000000000001111000
00000000000000000111100000000000000000000111100000000000001110000111100000000000000000111100000000000000111100000000000001111000000000000000000000011110000001111000000000000000111100000000111100000000011110011110000000011100000000000000001111000
00000000000000000111100000000000000000000111100000000000011110000011100000000000000000111100000000000000111100000000000001111000000000000000000000011110000001111000000000000000111100000000111100000000111100011110000000011100000000000000001111000
00000000000000000111100000000000000000000111100000000000011110000011110000000000000000111100000000000000111100000000000001111000000000000000000000011110000001111000000000000000111100000000111100000000111000011110000000011100000000000000001111000
00000000000000000111100000000000000000000111100000000000011100000011110000000000000000111100000000000000011110000000000001111000000000000000000000011110000001111000000000000000111100000000111100000001111000011110000000011100000000000000001111000
00011111111111111111100000000000000000000111100000000000111100000001110000000000000000111100000000000000001111110000000001111000000011111111111111111110000001111000000000000000111100000000111100000011110000011110000000011100000000000000001111000
00011111111111111111100000000000000000000111100000000000111000000001111000000000000000111100000000000000000111111111111111111000000011111111111111111110000001111000000000000000111100000000111100000011110000011110000000011100000000000000001111000
00011111111111111111100000000000000000000111100000000001111000000001111000000000000000111100000000000000000011111111111111111000000011111111111111111110000001111000000000000000111100000000111100000111100000011110000000011100000000000000001111000
00000000000000000111100000000000000000000111100000000001111000000000111000000000000000111100000000000000001111111111111111111000000000000000000000111110000001111000000000000000111100000000111100000111000000011110000000011100000000000000001111000
00000000000000000111100000000000000000000111100000000001110000000000111100000000000000111100000000000000011111000000000001111000000000000000000000011110000001111000000000000000111100000000111100001111000000011110000000011100000000000000001111000
00000000000000000111100000000000000000000111100000000011110000000000111100000000000000111100000000000000011110000000000001111000000000000000000000011110000001111000000000000000111100000000111100011110000000011110000000111100000000000000001111000
00000000000000000111100000000000000000000111100000000011110100000000111110000000000000111100000000000000111100000000000001111000000000000000000000011110000001111000000000000000111100000000111100011110000000011110000000011100000000000000001111000
00000000000000000111100000000000000000000111100000000011111111111111111110000000000000111100000000000000111100000000000001111000000000000000000000011110000001111000000000000000111100000000111100111100000000011110000000011100000000000000001111000
00000000000000000111100000000000000000000111100000000111111111111111111110000000000000111100000000000000111100000000000001111000000000000000000000011110000001111000000000000000111100000000111100111000000000011110000000011100000000000000001111000
00000000000000000111100000000000000000000111100000000111111111111111111111000000000000111100000000000000111100000000000001111000000000000000000000011110000000111100000000000000111100000000111101111000000000011110000000011100000000000000001110000
00000000000000000111100000000000000000000111100000001111000000000000001111000000000000111100000000000000111000000000000001111000000000000000000000011110000000111100000000000000111100000000111111110000000000011110000000011110000000000000011110000
00000000000000000111100000000000000000000111100000001111000000000000001111000000000000111100000000000000111000000000000001111000000000000000000000011110000000011110000000000000111100000000111111110000000000011110000000011110000000000000011110000
00000000000000000111100000000000000000000111100000001111000000000000000111100000000000111100000000000000111100000000000001111000000000000000000000011110000000011111000000000000111100000000111111100000000000011110000000001111000000000000111110000
00000000000000000111100000000000000000000111100000011110000000000000000111100000000000111100000000000000111000000000000001111000000000000000000000011110000000001111100000000000111100000000111111000000000000011110000000001111100000000001111100000
00000000000000000111100000000000000000000111100000011110000000000000000011110000000000111100000000000000111000000000000001111000000000000000000000111110000000000111111100000001111100000000111111000000000000011110000000000111111100000111111000000
01111111111111111111100000111111111111111111100000011110000000000000000011110000000000111100000000000001111000000000000001111000001111111111111111111110000000000011111111111111111100000000111110000000000000011110000000000011111111111111110000000
01111111111111111111100000111111111111111111100000111100000000000000000011110000000000111100000000000001111000000000000001111000001111111111111111111110000000000000111111111111111100000000111110000000000000011110000000000000111111111111100000000
01111111111111111111100000111111111111111111100000111100000000000000000001111000000000111100000000000011111000000000000001111000001111111111111111111110000000000000000111111111111100000000111100000000000000011110000000000000000111111100000000000
00000000000000000000000000000000000000000000000000000000000000000000000000000000000000000000000000000000000000000000000000000000000000000000000000000000000000000000000000000000000000000000000000000000000000000000000000000000000000000000000000000
00000000000000000000000000000000000000000000000000000000000000000000000000000000000000000000000000000000000000000000000000000000000000000000000000000000000000000000000000000000000000000000000000000000000000000000000000000000000000000000000000000
00000000000000000000000000000000000000000000000000000000000000000000000000000000000000000000000000000000000000000000000000000000000000000000000000000000000000000000000000000000000000000000000000000000000000000000000000000000000000000000000000000
00000000000000000000000000000000000000000000000000000000000000000000000000000000000000000000000000000000000000000000000000000000000000000000000000000000000000000000000000000000000000000000000000000000000000000000000000000000000000000000000000000
00000000000000000000000000000000000000000000000000000000000000000000000000000000000000000000000000000000000000000000000000000000000000000000000000000000000000000000000000000000000000000000000000000000000000000000000000000000000000000000000000000
00000000000000000000000000000000000000000000000000000000000000000000000000000000000000000000000000000000000000000000000000000000000000000000000000000000000000000000000000000000000000000000000000000000000000000000000000000000000000000000000000000
00000000000000000000000000000000000000000000000000000000000000000000000000000000000000000000000000000000000000000000000000000000000000000000000000000000000000000000000000000000000000000000000000000000000000000000000000000000000000000000000000000
